id,sentence
157160,oraec3740-3
105920,oraec3740-3
64360,oraec3740-3
38540,oraec3740-3
21881,oraec139-42
800001,oraec139-42
114840,oraec139-42
64360,oraec139-42
58710,oraec139-42
10090,oraec3941-3
91900,oraec3941-3
86210,oraec3941-3
185700,oraec3941-3
27050,oraec4467-4
20570,oraec4467-4
168810,oraec4467-4
10110,oraec4467-4
851517,oraec4467-4
185810,oraec1417-21
10030,oraec1417-21
400458,oraec1417-21
10030,oraec1417-21
400458,oraec1417-21
185810,oraec1810-2
10030,oraec1810-2
83510,oraec1810-2
10030,oraec1810-2
83510,oraec1810-2
115560,oraec2270-1
26660,oraec2270-1
118350,oraec2270-1
154730,oraec2270-1
26660,oraec2270-1
154770,oraec2270-1
78870,oraec2270-1
185810,oraec2270-1
83680,oraec2270-1
72470,oraec2270-1
64360,oraec2270-1
155980,oraec2270-1
90260,oraec2270-1
100520,oraec2270-1
400193,oraec2270-1
400157,oraec2270-1
854931,oraec2270-1
854285,oraec2270-1
854292,oraec2270-1
709669,oraec2270-1
83510,oraec3000-2
33560,oraec3000-2
30750,oraec3000-2
78870,oraec3000-2
171120,oraec3000-2
72470,oraec3000-2
10030,oraec3000-2
854519,oraec3000-2
78870,oraec3000-2
10030,oraec3000-2
24640,oraec3000-2
850795,oraec3000-2
21881,oraec226-47
450656,oraec226-47
114840,oraec226-47
64360,oraec226-47
58710,oraec226-47
185810,oraec1031-3
10030,oraec1031-3
400458,oraec1031-3
400458,oraec1031-3
10090,oraec2933-3
91900,oraec2933-3
86210,oraec2933-3
185700,oraec2933-3
185810,oraec3162-3
10030,oraec3162-3
400458,oraec3162-3
10030,oraec3162-3
400458,oraec3162-3
27940,oraec10741-4
185810,oraec10741-4
400458,oraec10741-4
400458,oraec10741-4
185810,oraec10862-3
10030,oraec10862-3
400458,oraec10862-3
10030,oraec10862-3
400458,oraec10862-3
91900,oraec10947-5
25090,oraec10947-5
185810,oraec10947-5
400458,oraec10947-5
400458,oraec10947-5
64360,oraec10947-5
400005,oraec10947-5
32820,oraec10947-5
10050,oraec10947-5
109750,oraec10947-5
69040,oraec10947-5
10050,oraec10947-5
851427,oraec151-15
87260,oraec151-15
10050,oraec151-15
64360,oraec151-15
10130,oraec151-15
91900,oraec151-15
78030,oraec151-15
172360,oraec151-15
34360,oraec151-15
10110,oraec151-15
32820,oraec151-15
10110,oraec151-15
130830,oraec151-15
185810,oraec151-15
10050,oraec151-15
78870,oraec151-15
10110,oraec151-15
27940,oraec151-19
185810,oraec151-19
55220,oraec151-19
136190,oraec12337-3
854578,oraec12337-3
163010,oraec12337-3
10050,oraec12337-3
25170,oraec1291-18
10110,oraec1291-18
851711,oraec1291-18
10090,oraec1291-18
21930,oraec1291-18
91900,oraec1291-18
10050,oraec1291-18
64360,oraec1291-18
94700,oraec1291-18
10110,oraec1291-18
850787,oraec1291-18
107500,oraec1291-18
854578,oraec1291-18
48440,oraec1291-18
163010,oraec1291-18
10050,oraec1291-18
25170,oraec1291-18
10110,oraec1291-18
851711,oraec1291-18
48440,oraec1291-18
10090,oraec1291-18
21930,oraec1291-18
91900,oraec1291-18
10050,oraec1291-18
64360,oraec1291-18
94700,oraec1291-18
10110,oraec1291-18
850787,oraec1291-18
107500,oraec1291-18
854578,oraec1291-18
163010,oraec1291-18
10050,oraec1291-18
74950,oraec333-4
400313,oraec333-4
400330,oraec333-4
26660,oraec333-4
69040,oraec333-4
10050,oraec333-4
80940,oraec333-4
64360,oraec333-4
75070,oraec333-4
64360,oraec333-4
854815,oraec333-4
850787,oraec333-4
185290,oraec333-4
65370,oraec333-4
854811,oraec333-4
64360,oraec333-4
123550,oraec333-4
90260,oraec333-4
10090,oraec1921-3
91900,oraec1921-3
86210,oraec1921-3
185700,oraec1921-3
25170,oraec2051-18
10110,oraec2051-18
851711,oraec2051-18
10090,oraec2051-18
21930,oraec2051-18
91900,oraec2051-18
10050,oraec2051-18
64360,oraec2051-18
94700,oraec2051-18
10110,oraec2051-18
850787,oraec2051-18
107500,oraec2051-18
859282,oraec2051-18
27940,oraec7204-3
185810,oraec7204-3
83680,oraec7204-3
83680,oraec7204-3
33560,oraec7204-3
30750,oraec7204-3
78870,oraec7204-3
171120,oraec7204-3
72470,oraec7204-3
10030,oraec7204-3
854519,oraec7204-3
78870,oraec7204-3
10030,oraec7204-3
24640,oraec7204-3
850795,oraec7204-3
90360,oraec7204-3
46050,oraec7204-3
25060,oraec7204-3
10030,oraec7204-3
24640,oraec7204-3
850795,oraec7204-3
94530,oraec7204-3
10090,oraec7830-3
854543,oraec7830-3
91900,oraec7830-3
86210,oraec7830-3
850787,oraec7830-3
185700,oraec7830-3
27940,oraec808-3
550416,oraec808-3
185810,oraec808-3
83680,oraec808-3
83680,oraec808-3
33560,oraec808-3
30750,oraec808-3
78870,oraec808-3
171120,oraec808-3
72470,oraec808-3
854519,oraec808-3
78870,oraec808-3
24640,oraec808-3
850795,oraec808-3
90260,oraec808-3
46050,oraec808-3
25060,oraec808-3
850795,oraec808-3
94530,oraec808-3
400005,oraec808-3
850787,oraec808-3
32820,oraec808-3
109750,oraec808-3
850787,oraec808-3
69040,oraec808-3
27940,oraec915-2
185810,oraec915-2
400458,oraec915-2
400458,oraec915-2
851809,oraec915-2
30750,oraec915-2
78870,oraec915-2
171120,oraec915-2
27940,oraec274-12
162870,oraec274-12
10050,oraec274-12
153870,oraec274-12
400101,oraec274-12
100520,oraec274-12
138920,oraec274-12
95710,oraec274-12
450141,oraec274-12
550359,oraec274-12
10050,oraec274-12
64360,oraec274-12
43010,oraec274-12
10030,oraec327-5
94400,oraec327-5
64360,oraec327-5
163760,oraec327-5
99810,oraec327-5
99810,oraec327-5
850787,oraec327-5
107500,oraec327-5
850787,oraec327-5
96590,oraec327-5
600211,oraec327-5
170100,oraec327-5
91900,oraec327-5
10090,oraec327-5
64360,oraec327-5
858535,oraec327-5
78870,oraec327-5
107500,oraec327-5
854591,oraec327-5
10050,oraec327-5
27940,oraec2115-2
185810,oraec2115-2
400458,oraec2115-2
400458,oraec2115-2
851809,oraec2115-2
30750,oraec2115-2
78870,oraec2115-2
171120,oraec2115-2
185810,oraec17-48
10030,oraec17-48
130840,oraec17-48
64360,oraec17-48
22550,oraec17-48
21930,oraec17-48
10030,oraec17-48
64360,oraec17-48
76320,oraec17-48
78870,oraec17-48
854573,oraec17-48
854573,oraec17-48
170100,oraec17-48
78870,oraec17-48
10030,oraec17-48
147350,oraec17-48
550032,oraec17-114
162930,oraec17-114
72470,oraec17-114
10050,oraec17-114
39920,oraec17-114
60940,oraec17-114
72470,oraec17-114
10050,oraec17-114
64360,oraec17-114
108390,oraec17-114
850787,oraec17-114
74280,oraec17-114
10050,oraec17-114
129490,oraec17-114
851426,oraec17-217
162870,oraec17-217
10110,oraec17-217
90390,oraec17-217
400038,oraec17-217
72470,oraec17-217
400015,oraec17-217
109620,oraec17-217
71660,oraec17-217
850777,oraec17-217
26060,oraec17-217
850973,oraec17-217
401042,oraec17-217
107500,oraec17-217
99960,oraec17-217
33040,oraec17-217
850800,oraec17-217
62500,oraec17-217
10050,oraec17-217
133340,oraec17-217
401128,oraec17-217
135800,oraec17-217
401129,oraec17-217
401140,oraec17-217
123420,oraec17-217
10090,oraec17-217
64360,oraec17-217
854577,oraec17-217
10110,oraec17-217
182390,oraec17-217
171450,oraec17-217
84930,oraec17-217
401130,oraec17-217
108540,oraec17-217
114300,oraec17-217
850974,oraec17-217
80940,oraec17-217
400451,oraec17-217
90260,oraec17-217
81660,oraec17-217
169110,oraec17-217
21940,oraec17-217
850787,oraec17-217
43820,oraec17-217
851711,oraec17-217
10100,oraec17-217
38540,oraec17-217
43300,oraec17-217
91900,oraec17-217
63920,oraec17-217
10110,oraec17-217
123420,oraec17-217
10100,oraec17-217
174900,oraec17-217
64360,oraec17-217
46,oraec17-217
10100,oraec17-217
851711,oraec17-217
10100,oraec17-217
78870,oraec17-217
10110,oraec17-217
86570,oraec17-217
851961,oraec17-217
184990,oraec17-217
10050,oraec17-217
181400,oraec17-217
851961,oraec17-217
106120,oraec17-217
10090,oraec17-217
138740,oraec17-217
10110,oraec17-217
64360,oraec17-217
854573,oraec17-217
114300,oraec17-217
44640,oraec17-217
10110,oraec17-217
156190,oraec17-217
85880,oraec17-217
851517,oraec17-217
850787,oraec17-217
550024,oraec17-217
78870,oraec17-217
81650,oraec17-217
10050,oraec17-217
854561,oraec17-217
129490,oraec17-217
64360,oraec17-217
26180,oraec17-217
851741,oraec17-217
127840,oraec17-217
95820,oraec17-217
127840,oraec17-217
10050,oraec17-217
64360,oraec17-217
104690,oraec17-217
850787,oraec17-217
148220,oraec17-217
851621,oraec17-217
550024,oraec17-217
138730,oraec17-217
185810,oraec17-217
147350,oraec17-217
21881,oraec17-218
850796,oraec17-218
30750,oraec17-218
34750,oraec17-218
147350,oraec17-218
850806,oraec36-98
170100,oraec36-98
31130,oraec36-98
21550,oraec36-98
23290,oraec36-98
25170,oraec36-218
10110,oraec36-218
75910,oraec36-218
850787,oraec36-218
78030,oraec36-218
78030,oraec36-221
66270,oraec36-221
41180,oraec77-25
851517,oraec77-25
851809,oraec77-25
150350,oraec77-25
59920,oraec77-25
91900,oraec77-25
78030,oraec77-25
172360,oraec77-25
78870,oraec77-25
100520,oraec77-25
59920,oraec77-25
25170,oraec128-32
10110,oraec128-32
75910,oraec128-32
850787,oraec128-32
78030,oraec128-32
22030,oraec128-32
150560,oraec128-32
10110,oraec128-32
129490,oraec128-32
27940,oraec1320-4
185810,oraec1320-4
83680,oraec1320-4
72470,oraec1320-4
400211,oraec1320-4
27940,oraec4414-6
185810,oraec4414-6
83680,oraec4414-6
72470,oraec4414-6
600556,oraec4414-6
400025,oraec4414-6
185810,oraec4414-6
10050,oraec4414-6
64360,oraec82-57
72470,oraec82-57
10130,oraec82-57
49460,oraec82-57
119180,oraec82-57
400976,oraec82-57
10130,oraec82-57
851809,oraec82-57
103300,oraec82-57
10050,oraec82-57
78870,oraec95-75
10100,oraec95-75
10030,oraec95-75
75070,oraec95-75
111510,oraec1335-3
49460,oraec1335-3
119180,oraec1335-3
64360,oraec1335-3
550364,oraec1335-3
103,oraec1335-3
107500,oraec1335-3
45640,oraec1335-3
152300,oraec1335-3
168970,oraec1335-3
857990,oraec1335-3
49460,oraec1335-3
850648,oraec1335-3
107500,oraec1335-3
75070,oraec1335-3
45580,oraec1335-3
400939,oraec1335-3
850897,oraec467-5
66460,oraec467-5
79900,oraec467-5
10050,oraec467-5
185810,oraec467-5
83680,oraec467-5
72470,oraec467-5
851809,oraec467-5
109620,oraec467-5
400038,oraec467-5
79450,oraec935-16
10030,oraec935-16
78030,oraec935-16
81660,oraec935-16
182840,oraec935-16
851211,oraec304-4
27940,oraec304-4
69590,oraec304-4
175160,oraec304-4
99050,oraec304-4
84510,oraec304-4
185810,oraec304-4
10030,oraec304-4
854519,oraec304-4
72470,oraec304-4
851809,oraec304-4
30750,oraec304-4
850787,oraec304-4
171120,oraec304-4
138920,oraec304-4
48760,oraec304-4
176800,oraec304-4
26900,oraec173-12
10050,oraec173-12
850587,oraec173-12
130740,oraec173-12
169650,oraec173-12
10050,oraec173-12
10110,oraec173-12
86570,oraec173-12
111510,oraec393-1
851711,oraec393-1
49460,oraec393-1
400976,oraec393-1
850238,oraec393-1
168810,oraec393-1
110300,oraec393-1
162930,oraec393-1
107,oraec393-1
156950,oraec393-1
71170,oraec393-1
138670,oraec393-1
72840,oraec393-1
30750,oraec393-1
81660,oraec393-1
550034,oraec393-1
400114,oraec393-1
78870,oraec393-1
162870,oraec393-1
850787,oraec393-1
94060,oraec393-1
100520,oraec393-1
185810,oraec393-1
83680,oraec393-1
72470,oraec393-1
650025,oraec393-1
850787,oraec393-1
93320,oraec393-1
850404,oraec393-1
94700,oraec393-1
10050,oraec393-1
550034,oraec393-1
709630,oraec393-1
851809,oraec393-1
850787,oraec393-1
94060,oraec107-5
100520,oraec107-5
400193,oraec107-5
852003,oraec107-5
400998,oraec107-5
852731,oraec107-5
400145,oraec107-5
144360,oraec107-5
850787,oraec107-5
142430,oraec107-5
400549,oraec107-5
78870,oraec107-5
155980,oraec107-5
185810,oraec107-5
78870,oraec107-5
10050,oraec107-5
122080,oraec107-5
854534,oraec107-5
10100,oraec107-5
62900,oraec107-5
400038,oraec107-5
32290,oraec107-5
10050,oraec107-5
175750,oraec107-5
10050,oraec107-5
850802,oraec107-5
400868,oraec107-5
852737,oraec107-5
852738,oraec107-5
125010,oraec107-5
850787,oraec107-5
66620,oraec107-5
850802,oraec107-5
168970,oraec107-5
77420,oraec107-5
66460,oraec107-5
850796,oraec107-5
185290,oraec107-5
852739,oraec107-5
852740,oraec107-5
400768,oraec107-5
91900,oraec107-5
173100,oraec107-5
67930,oraec107-5
74300,oraec107-5
400652,oraec107-5
400110,oraec107-5
91350,oraec107-5
185810,oraec107-5
83680,oraec107-5
72470,oraec107-5
400652,oraec107-5
852741,oraec107-5
550034,oraec107-5
150560,oraec107-5
400076,oraec107-5
185810,oraec107-5
138920,oraec107-5
48760,oraec107-5
176800,oraec107-5
175750,oraec107-5
81650,oraec107-5
10050,oraec107-5
850802,oraec107-5
109250,oraec107-5
170490,oraec107-5
500218,oraec107-5
850787,oraec107-5
72650,oraec107-5
152670,oraec107-5
64360,oraec107-5
851809,oraec107-5
31500,oraec107-5
400101,oraec107-5
23290,oraec107-5
850787,oraec107-5
54240,oraec107-5
135940,oraec107-5
10050,oraec107-5
852743,oraec107-5
155000,oraec107-5
81650,oraec107-5
10050,oraec107-5
91900,oraec107-5
84510,oraec107-5
10050,oraec107-5
41260,oraec107-5
10050,oraec107-5
850802,oraec107-5
155980,oraec107-5
100660,oraec107-5
81650,oraec107-5
10050,oraec107-5
64360,oraec107-5
44360,oraec107-5
400034,oraec107-5
400110,oraec107-5
64360,oraec107-5
854540,oraec107-5
39850,oraec107-5
852744,oraec107-5
185810,oraec107-5
78870,oraec107-5
10050,oraec107-5
78030,oraec107-5
101300,oraec107-5
167210,oraec107-5
176860,oraec107-5
851678,oraec107-5
162240,oraec107-5
851809,oraec107-5
30750,oraec107-5
91900,oraec107-5
171120,oraec107-5
400193,oraec107-5
450633,oraec107-5
550048,oraec107-5
400688,oraec107-5
185810,oraec107-5
10050,oraec107-5
64360,oraec107-7
72470,oraec107-7
10130,oraec107-7
500288,oraec107-7
10130,oraec107-7
851809,oraec107-7
103300,oraec107-7
10050,oraec107-7
64360,oraec107-7
72470,oraec107-7
10130,oraec107-7
45580,oraec107-7
90260,oraec107-7
10130,oraec107-7
851345,oraec107-7
500020,oraec107-7
23290,oraec107-7
10130,oraec107-7
64360,oraec107-7
88040,oraec107-7
72470,oraec107-7
10130,oraec107-7
38540,oraec107-7
135600,oraec107-7
10130,oraec107-7
69310,oraec107-7
851676,oraec107-7
78870,oraec107-7
10130,oraec107-7
854539,oraec107-7
10130,oraec107-7
185810,oraec107-7
10130,oraec107-7
64360,oraec107-7
171170,oraec107-7
10130,oraec107-7
185810,oraec91-57
10030,oraec91-57
130840,oraec91-57
64360,oraec91-57
22550,oraec91-57
21881,oraec91-57
10030,oraec91-57
64360,oraec91-57
76320,oraec91-57
78870,oraec91-57
854573,oraec91-57
175490,oraec91-57
170100,oraec91-57
78870,oraec91-57
10030,oraec91-57
147350,oraec91-57
150560,oraec103-91
851523,oraec103-91
51980,oraec103-91
10030,oraec103-91
850806,oraec940-13
132830,oraec940-13
107520,oraec940-13
10030,oraec940-13
850806,oraec940-13
78870,oraec940-13
10030,oraec940-13
150740,oraec940-13
854560,oraec940-13
34360,oraec23-165
64360,oraec23-165
851711,oraec23-165
851173,oraec23-165
107520,oraec23-165
72840,oraec23-165
125060,oraec23-165
91900,oraec23-165
99060,oraec23-165
850814,oraec23-165
10110,oraec24-8
66270,oraec24-8
10050,oraec24-8
850806,oraec24-38
10030,oraec24-38
854543,oraec24-38
96030,oraec24-38
850806,oraec24-62
854543,oraec24-62
96030,oraec24-62
119740,oraec30-27
854573,oraec30-27
112301,oraec30-27
850814,oraec30-27
850787,oraec30-27
99060,oraec30-27
858535,oraec30-27
151900,oraec30-27
851517,oraec30-27
851809,oraec30-27
851446,oraec30-27
400392,oraec30-27
91900,oraec30-27
91900,oraec30-27
78870,oraec30-27
10050,oraec30-27
78030,oraec30-27
172360,oraec30-27
185810,oraec30-27
10050,oraec30-27
650007,oraec30-73
850117,oraec30-73
107520,oraec30-73
78030,oraec30-73
172360,oraec30-73
851809,oraec30-73
851446,oraec30-73
91770,oraec30-73
64360,oraec30-73
60220,oraec30-73
10050,oraec30-73
850800,oraec30-73
550046,oraec30-73
10050,oraec30-73
104730,oraec30-73
78870,oraec30-73
104690,oraec30-73
850787,oraec30-73
88060,oraec30-73
853626,oraec30-73
66750,oraec30-73
650007,oraec30-367
10090,oraec30-367
107520,oraec30-367
150560,oraec30-367
10090,oraec30-367
81660,oraec30-367
78870,oraec30-367
650007,oraec30-374
107520,oraec30-374
78870,oraec30-374
10050,oraec30-374
78030,oraec30-374
172360,oraec30-374
650007,oraec30-385
10090,oraec30-385
107520,oraec30-385
78870,oraec30-385
10050,oraec30-385
78030,oraec30-385
172360,oraec30-385
851427,oraec54-112
130840,oraec54-112
180130,oraec54-112
129490,oraec54-112
125160,oraec54-112
90260,oraec54-112
125160,oraec54-112
90280,oraec54-112
125160,oraec54-112
49410,oraec54-112
125160,oraec54-112
49390,oraec54-112
125160,oraec54-112
69320,oraec54-112
69330,oraec54-112
105450,oraec54-112
125160,oraec54-112
30750,oraec54-112
81660,oraec54-112
182840,oraec54-112
89850,oraec54-112
64360,oraec54-112
22520,oraec54-112
10030,oraec54-112
59920,oraec54-112
64360,oraec54-112
854529,oraec54-112
10030,oraec54-112
59920,oraec54-112
64360,oraec54-112
854495,oraec54-112
10030,oraec54-112
850009,oraec54-112
851961,oraec54-112
185810,oraec54-112
10030,oraec54-112
851961,oraec54-112
10030,oraec54-112
185810,oraec54-112
92560,oraec118-43
850800,oraec118-43
185810,oraec118-43
117520,oraec118-43
91900,oraec118-43
10090,oraec118-43
64360,oraec118-43
113180,oraec118-43
850787,oraec118-43
856143,oraec118-43
10110,oraec219-33
50980,oraec219-33
10050,oraec219-33
107520,oraec219-33
41980,oraec219-33
91900,oraec219-33
102640,oraec219-33
10050,oraec219-33
47271,oraec50-101
27040,oraec50-101
91900,oraec50-101
141480,oraec50-101
850806,oraec64-97
170100,oraec64-97
31130,oraec64-97
21550,oraec64-97
23290,oraec64-97
25170,oraec64-222
10110,oraec64-222
75910,oraec64-222
850787,oraec64-222
78030,oraec64-222
22030,oraec64-222
150560,oraec64-222
10110,oraec64-222
129490,oraec64-222
143390,oraec267-3
10030,oraec267-3
122080,oraec267-3
10030,oraec267-3
107520,oraec267-3
89760,oraec267-3
64360,oraec267-3
10090,oraec267-3
64360,oraec267-3
63970,oraec267-3
78870,oraec267-3
185810,oraec267-3
81660,oraec267-3
108040,oraec267-3
28170,oraec267-3
10050,oraec267-3
185810,oraec267-3
100160,oraec267-13
2,oraec267-13
95620,oraec267-13
10030,oraec267-13
116910,oraec267-13
163840,oraec267-13
64360,oraec267-13
854578,oraec267-13
851427,oraec408-109
42370,oraec408-109
21930,oraec408-109
91900,oraec408-109
185810,oraec1551-25
850787,oraec1551-25
25550,oraec1551-25
10030,oraec1551-25
26870,oraec3788-5
10110,oraec3788-5
78870,oraec3788-5
10030,oraec3788-5
600036,oraec3788-5
54210,oraec3788-5
28250,oraec3788-5
10030,oraec3788-5
64830,oraec3788-5
147520,oraec3788-5
21881,oraec3788-5
10050,oraec3788-5
64360,oraec3788-5
854548,oraec3788-5
149840,oraec3788-5
66460,oraec3788-5
70011,oraec3788-5
70011,oraec3788-5
851518,oraec3788-5
78870,oraec3788-5
10110,oraec3788-5
70011,oraec3788-5
70011,oraec3788-5
64440,oraec544-5
10110,oraec544-5
26870,oraec544-5
78870,oraec544-5
10110,oraec544-5
51980,oraec544-5
59920,oraec544-5
850787,oraec544-5
88040,oraec544-5
91900,oraec544-5
851711,oraec544-5
95620,oraec544-5
10110,oraec544-5
550018,oraec544-5
104690,oraec544-5
10030,oraec544-5
400004,oraec544-5
114740,oraec544-5
64360,oraec544-5
88060,oraec544-5
107520,oraec544-5
854540,oraec544-5
107500,oraec544-5
850787,oraec544-5
400614,oraec544-5
851961,oraec544-5
10050,oraec544-5
181401,oraec544-5
91900,oraec138-195
150560,oraec138-195
90260,oraec138-195
120010,oraec138-195
10030,oraec138-195
10030,oraec138-195
78870,oraec138-195
133310,oraec138-195
21881,oraec249-59
78870,oraec249-59
10030,oraec249-59
107500,oraec249-59
185810,oraec249-59
78870,oraec249-59
10050,oraec249-59
32820,oraec249-59
10050,oraec249-59
49460,oraec249-59
64360,oraec249-59
94920,oraec249-59
64360,oraec249-59
99060,oraec249-59
161950,oraec249-59
180620,oraec271-78
45410,oraec271-78
131530,oraec271-78
106350,oraec271-78
850787,oraec271-78
131970,oraec271-78
81660,oraec271-78
851809,oraec271-78
78870,oraec271-78
10090,oraec271-78
30360,oraec271-78
99060,oraec271-78
850787,oraec271-78
30960,oraec271-78
94700,oraec271-78
10120,oraec271-78
10030,oraec357-162
78870,oraec357-162
10030,oraec357-162
147350,oraec357-162
133310,oraec357-162
94700,oraec688-13
66940,oraec688-13
95000,oraec688-13
850648,oraec688-13
10030,oraec1117-40
78870,oraec1117-40
10050,oraec1117-40
78030,oraec1117-40
90260,oraec1117-40
850806,oraec1395-36
66750,oraec1395-36
150560,oraec1395-36
10050,oraec1395-36
64360,oraec1395-36
60220,oraec1395-36
158120,oraec1395-36
851427,oraec1644-3
126390,oraec1644-3
131530,oraec1644-3
111600,oraec1644-3
134600,oraec1644-3
148520,oraec1644-3
851517,oraec1644-3
64360,oraec1644-3
160970,oraec1644-3
10050,oraec1644-3
10030,oraec2214-8
78150,oraec2214-8
10050,oraec2214-8
78870,oraec2214-8
166210,oraec2214-8
10030,oraec2214-13
38540,oraec2214-13
65300,oraec2214-13
69300,oraec2214-13
850796,oraec2214-13
400015,oraec2214-13
93320,oraec2214-13
10090,oraec2402-41
76880,oraec2402-41
10110,oraec2402-41
10050,oraec3812-24
78030,oraec3812-24
78870,oraec3812-24
49460,oraec3812-24
550430,oraec3812-24
851428,oraec3812-24
854495,oraec3812-24
850787,oraec3812-24
49460,oraec3812-24
126290,oraec3812-24
52840,oraec3812-24
203,oraec3812-24
121710,oraec3812-24
152880,oraec3812-24
69320,oraec3812-24
851809,oraec3812-24
182900,oraec3812-24
91900,oraec3812-24
10030,oraec3812-24
851809,oraec3812-24
182900,oraec3812-24
91900,oraec3812-24
10030,oraec3812-24
25170,oraec3974-25
129490,oraec3974-25
850806,oraec4393-7
185810,oraec4393-7
10030,oraec4393-7
78870,oraec4393-7
94530,oraec4393-7
850806,oraec4393-7
10030,oraec4393-7
78870,oraec4393-7
90260,oraec4393-7
177140,oraec4393-7
25170,oraec6020-24
129490,oraec6020-24
10050,oraec12993-19
78150,oraec12993-19
49460,oraec12993-19
78870,oraec12993-19
400452,oraec12993-19
854540,oraec12993-19
851428,oraec12993-19
854495,oraec12993-19
49460,oraec12993-19
121750,oraec49-171
10100,oraec129-53
66620,oraec129-53
78870,oraec129-53
400015,oraec129-53
86210,oraec129-63
10110,oraec129-63
124730,oraec129-63
81680,oraec129-63
64360,oraec129-63
182710,oraec129-63
21881,oraec129-68
10090,oraec129-68
64360,oraec129-68
182710,oraec129-68
78870,oraec434-82
10110,oraec434-82
95550,oraec434-82
162870,oraec434-82
10110,oraec434-82
850800,oraec434-82
10110,oraec434-82
78870,oraec434-82
102120,oraec434-82
10110,oraec434-82
100400,oraec434-82
10110,oraec434-82
78870,oraec434-82
116300,oraec434-82
10110,oraec434-82
850806,oraec1780-8
10030,oraec1780-8
78870,oraec1780-8
90260,oraec1780-8
78140,oraec220-188
10030,oraec220-188
64360,oraec220-188
135180,oraec220-188
91900,oraec220-188
150560,oraec220-188
90260,oraec220-188
120010,oraec220-188
10030,oraec220-188
10030,oraec220-188
78870,oraec220-188
133310,oraec220-188
180620,oraec492-44
45410,oraec492-44
59660,oraec492-44
108390,oraec492-44
850787,oraec492-44
131970,oraec492-44
81660,oraec492-44
851809,oraec492-44
170100,oraec492-44
78870,oraec492-44
10090,oraec492-44
30370,oraec492-44
99060,oraec492-44
850787,oraec492-44
30960,oraec492-44
851427,oraec1869-3
126390,oraec1869-3
131530,oraec1869-3
111600,oraec1869-3
134600,oraec1869-3
148520,oraec1869-3
851517,oraec1869-3
64360,oraec1869-3
160970,oraec1869-3
10050,oraec1869-3
851661,oraec171-37
38560,oraec171-37
64360,oraec171-37
850581,oraec171-37
850814,oraec171-37
550180,oraec171-37
60300,oraec171-37
850814,oraec171-37
21881,oraec171-37
170100,oraec171-37
64360,oraec171-37
233,oraec171-37
21881,oraec171-37
60430,oraec171-37
550118,oraec171-37
851887,oraec171-37
114740,oraec171-37
107520,oraec171-37
47970,oraec171-37
34750,oraec171-37
850787,oraec171-37
182710,oraec171-37
107520,oraec171-37
62900,oraec171-37
851623,oraec171-37
51990,oraec171-37
850787,oraec171-37
851446,oraec171-37
850317,oraec171-37
89850,oraec171-37
64360,oraec171-37
851661,oraec171-37
182830,oraec171-37
64360,oraec171-37
851446,oraec171-37
169650,oraec171-37
96080,oraec171-37
850787,oraec171-37
233,oraec171-37
851446,oraec284-36
38560,oraec284-36
64360,oraec284-36
850581,oraec284-36
850814,oraec284-36
550180,oraec284-36
60300,oraec284-36
850814,oraec284-36
21881,oraec284-36
170100,oraec284-36
64360,oraec284-36
233,oraec284-36
21881,oraec284-36
60430,oraec284-36
550118,oraec284-36
851887,oraec284-36
114740,oraec284-36
107520,oraec284-36
47970,oraec284-36
850787,oraec284-36
182710,oraec284-36
107520,oraec284-36
62900,oraec284-36
851623,oraec284-36
51990,oraec284-36
850787,oraec284-36
851446,oraec284-36
850317,oraec284-36
89850,oraec284-36
64360,oraec284-36
851446,oraec284-36
182830,oraec284-36
64360,oraec284-36
851446,oraec284-36
169650,oraec284-36
96080,oraec284-36
850787,oraec284-36
233,oraec284-36
21881,oraec388-5
10050,oraec388-5
107520,oraec388-5
132830,oraec388-5
854543,oraec388-5
850814,oraec388-5
859134,oraec388-5
851706,oraec388-5
78870,oraec388-5
10030,oraec388-5
130160,oraec388-5
99060,oraec388-5
850814,oraec388-5
64360,oraec388-5
104810,oraec388-5
400407,oraec388-5
851661,oraec459-34
38560,oraec459-34
64360,oraec459-34
850581,oraec459-34
850814,oraec459-34
550180,oraec459-34
60300,oraec459-34
850814,oraec459-34
21881,oraec459-34
170100,oraec459-34
64360,oraec459-34
233,oraec459-34
21881,oraec459-34
60430,oraec459-34
550118,oraec459-34
851887,oraec459-34
114740,oraec459-34
107520,oraec459-34
47970,oraec459-34
34750,oraec459-34
850787,oraec459-34
182710,oraec459-34
107520,oraec459-34
62900,oraec459-34
851623,oraec459-34
51990,oraec459-34
850787,oraec459-34
851446,oraec459-34
850317,oraec459-34
89850,oraec459-34
64360,oraec459-34
851446,oraec459-34
182830,oraec459-34
64360,oraec459-34
851446,oraec459-34
169650,oraec459-34
96080,oraec459-34
850787,oraec459-34
233,oraec459-34
851446,oraec656-24
38560,oraec656-24
64360,oraec656-24
850581,oraec656-24
850814,oraec656-24
550180,oraec656-24
60300,oraec656-24
850814,oraec656-24
21881,oraec656-24
170100,oraec656-24
64360,oraec656-24
233,oraec656-24
21881,oraec656-24
60430,oraec656-24
550118,oraec656-24
851887,oraec656-24
107520,oraec656-24
851446,oraec857-34
38560,oraec857-34
64360,oraec857-34
850581,oraec857-34
850814,oraec857-34
550180,oraec857-34
60300,oraec857-34
850814,oraec857-34
21881,oraec857-34
170100,oraec857-34
64360,oraec857-34
233,oraec857-34
21881,oraec857-34
60430,oraec857-34
550118,oraec857-34
114740,oraec857-34
107520,oraec857-34
62900,oraec857-34
851623,oraec857-34
51990,oraec857-34
850787,oraec857-34
851446,oraec857-34
850317,oraec857-34
89850,oraec857-34
64360,oraec857-34
851446,oraec857-34
182830,oraec857-34
64360,oraec857-34
851446,oraec857-34
169650,oraec857-34
96010,oraec857-34
850787,oraec857-34
233,oraec857-34
78870,oraec857-34
32820,oraec857-34
10050,oraec857-34
851446,oraec857-34
850317,oraec857-34
38530,oraec857-34
851661,oraec1402-37
38560,oraec1402-37
64360,oraec1402-37
850581,oraec1402-37
850814,oraec1402-37
550180,oraec1402-37
60300,oraec1402-37
850814,oraec1402-37
21881,oraec1402-37
170100,oraec1402-37
64360,oraec1402-37
233,oraec1402-37
21881,oraec1402-37
60430,oraec1402-37
550118,oraec1402-37
851887,oraec1402-37
114740,oraec1402-37
107520,oraec1402-37
47970,oraec1402-37
34750,oraec1402-37
850787,oraec1402-37
182710,oraec1402-37
107520,oraec1402-37
62900,oraec1402-37
851623,oraec1402-37
51990,oraec1402-37
850787,oraec1402-37
851446,oraec1402-37
850317,oraec1402-37
89850,oraec1402-37
107520,oraec1402-37
851661,oraec1402-37
182830,oraec1402-37
64360,oraec1402-37
851446,oraec1402-37
169650,oraec1402-37
96080,oraec1402-37
850787,oraec1402-37
233,oraec1402-37
851446,oraec1900-29
38560,oraec1900-29
64360,oraec1900-29
850581,oraec1900-29
850814,oraec1900-29
550180,oraec1900-29
60300,oraec1900-29
850814,oraec1900-29
21881,oraec1900-29
170100,oraec1900-29
64360,oraec1900-29
233,oraec1900-29
21881,oraec1900-29
60430,oraec1900-29
550118,oraec1900-29
851887,oraec1900-29
114740,oraec1900-29
107520,oraec1900-29
47970,oraec1900-29
34750,oraec1900-29
850787,oraec1900-29
182710,oraec1900-29
107520,oraec1900-29
62900,oraec1900-29
851623,oraec1900-29
51990,oraec1900-29
850787,oraec1900-29
851446,oraec1900-29
850317,oraec1900-29
89850,oraec1900-29
64360,oraec1900-29
851446,oraec1900-29
182830,oraec1900-29
64360,oraec1900-29
851446,oraec1900-29
169650,oraec1900-29
96080,oraec1900-29
850787,oraec1900-29
233,oraec1900-29
147350,oraec4026-2
856314,oraec4026-2
55130,oraec4124-2
84350,oraec4124-2
851446,oraec4124-2
150560,oraec4124-2
142800,oraec4124-2
10110,oraec4124-2
851711,oraec4124-2
10050,oraec4124-2
64360,oraec4124-2
23290,oraec4124-2
10050,oraec4124-2
851446,oraec4461-4
854252,oraec4461-4
851809,oraec4461-4
70420,oraec4461-4
78870,oraec4461-4
32820,oraec4461-4
10050,oraec4461-4
10050,oraec4461-4
147350,oraec4461-4
91900,oraec4461-4
86570,oraec4461-4
181400,oraec4461-4
851446,oraec4461-4
81650,oraec4461-4
854519,oraec4461-4
851961,oraec1057-20
69300,oraec1057-20
10050,oraec1057-20
64360,oraec1057-20
64360,oraec1057-20
500066,oraec1057-20
10050,oraec26-53
851182,oraec26-53
64360,oraec26-53
852471,oraec26-53
106190,oraec26-53
850787,oraec26-53
40940,oraec26-53
89850,oraec26-53
64360,oraec26-53
184630,oraec26-53
10050,oraec26-53
10050,oraec26-81
851182,oraec26-81
107520,oraec26-81
63460,oraec26-81
92230,oraec26-81
10050,oraec33-97
854530,oraec33-97
91900,oraec33-97
10110,oraec33-97
64360,oraec33-97
852471,oraec33-97
106190,oraec33-97
850787,oraec33-97
40940,oraec33-97
89850,oraec33-97
64360,oraec33-97
184630,oraec33-97
10050,oraec33-97
185810,oraec34-56
10030,oraec34-56
130840,oraec34-56
64360,oraec34-56
22550,oraec34-56
21930,oraec34-56
10030,oraec34-56
64360,oraec34-56
76320,oraec34-56
91900,oraec34-56
854573,oraec34-56
175490,oraec34-56
170100,oraec34-56
78870,oraec34-56
10030,oraec34-56
147350,oraec34-56
72470,oraec34-118
10050,oraec34-118
40111,oraec34-173
78030,oraec34-173
172360,oraec34-173
78870,oraec34-173
104690,oraec34-173
850787,oraec34-173
88060,oraec34-173
400021,oraec34-173
66730,oraec34-173
126020,oraec34-173
400051,oraec34-173
66730,oraec34-173
850796,oraec34-173
144990,oraec34-173
59920,oraec34-173
89850,oraec34-173
851200,oraec34-173
64360,oraec34-173
10050,oraec34-173
851426,oraec34-226
162870,oraec34-226
10110,oraec34-226
90390,oraec34-226
400038,oraec34-226
72470,oraec34-226
850981,oraec34-226
109620,oraec34-226
850981,oraec34-226
401018,oraec34-226
109620,oraec34-226
71660,oraec34-226
850777,oraec34-226
26060,oraec34-226
400098,oraec34-226
401042,oraec34-226
401043,oraec34-226
107500,oraec34-226
99960,oraec34-226
90260,oraec34-226
81660,oraec34-226
169110,oraec34-226
33040,oraec34-226
62500,oraec34-226
450158,oraec34-226
133340,oraec34-226
401128,oraec34-226
850980,oraec34-226
401129,oraec34-226
64360,oraec34-226
107220,oraec34-226
850787,oraec34-226
71670,oraec34-226
401140,oraec34-226
123420,oraec34-226
10090,oraec34-226
64360,oraec34-226
854577,oraec34-226
10110,oraec34-226
182390,oraec34-226
171450,oraec34-226
850787,oraec34-226
24730,oraec34-226
401130,oraec34-226
108540,oraec34-226
114300,oraec34-226
47450,oraec34-226
80940,oraec34-226
401131,oraec34-226
90260,oraec34-226
81660,oraec34-226
169370,oraec34-226
21940,oraec34-226
108540,oraec34-226
43820,oraec34-226
851711,oraec34-226
10100,oraec34-226
78870,oraec34-226
10110,oraec34-226
86570,oraec34-226
181400,oraec34-226
851961,oraec34-226
106120,oraec34-226
10050,oraec34-226
138740,oraec34-226
10110,oraec34-226
64360,oraec34-226
854573,oraec34-226
81660,oraec34-226
44640,oraec34-226
10110,oraec34-226
156190,oraec34-226
85920,oraec34-226
851517,oraec34-226
850787,oraec34-226
550024,oraec34-226
78870,oraec34-226
81650,oraec34-226
10050,oraec34-226
854561,oraec34-226
129490,oraec34-226
64360,oraec34-226
26180,oraec34-226
851741,oraec34-226
127840,oraec34-226
95820,oraec34-226
127840,oraec34-226
10050,oraec34-226
64360,oraec34-226
104690,oraec34-226
850787,oraec34-226
148220,oraec34-226
550035,oraec34-226
46050,oraec34-226
550024,oraec34-226
138730,oraec34-226
91900,oraec34-226
185810,oraec34-226
147350,oraec34-226
21881,oraec34-227
850796,oraec34-227
30750,oraec34-227
34750,oraec34-227
91900,oraec34-227
147350,oraec34-227
851806,oraec34-227
67960,oraec34-227
850787,oraec34-227
400015,oraec34-227
10110,oraec37-186
114740,oraec37-186
107520,oraec37-186
34360,oraec37-186
500006,oraec37-186
145680,oraec37-186
64360,oraec37-186
116300,oraec37-186
116350,oraec37-186
132830,oraec37-186
91900,oraec37-186
34810,oraec37-186
80940,oraec37-186
854519,oraec37-186
64360,oraec37-186
854529,oraec37-186
10110,oraec37-186
851961,oraec59-21
27940,oraec59-21
129490,oraec59-21
46050,oraec99-17
64360,oraec99-17
854566,oraec99-17
10100,oraec99-17
124510,oraec99-17
10050,oraec209-67
851809,oraec209-67
10110,oraec209-67
96330,oraec209-67
129490,oraec209-118
78870,oraec209-118
851446,oraec209-118
90260,oraec209-118
78870,oraec722-10
10110,oraec722-10
185810,oraec722-10
10030,oraec722-10
78870,oraec722-10
10110,oraec722-10
64360,oraec722-10
854543,oraec722-10
81660,oraec722-10
91900,oraec722-10
854540,oraec722-10
10050,oraec722-10
850814,oraec722-10
850787,oraec722-10
149570,oraec722-10
107520,oraec722-10
550046,oraec722-10
10110,oraec722-10
152350,oraec722-10
10110,oraec1300-9
859134,oraec1300-9
126470,oraec1300-9
91900,oraec1300-9
10030,oraec1300-9
22030,oraec1300-9
61400,oraec1300-9
38540,oraec1983-5
66270,oraec1983-5
33080,oraec1983-5
78870,oraec1983-5
550055,oraec1983-5
550188,oraec1983-5
38530,oraec2088-1
400034,oraec2088-1
400864,oraec2088-1
400065,oraec2088-1
400865,oraec2088-1
400069,oraec2088-1
400866,oraec2088-1
90390,oraec2088-1
125510,oraec2088-1
26060,oraec2088-1
74950,oraec2088-1
69030,oraec2088-1
82080,oraec2088-1
91900,oraec2088-1
110360,oraec2088-1
850787,oraec2088-1
155450,oraec2088-1
81660,oraec2088-1
33080,oraec2088-1
60920,oraec2088-1
64360,oraec2088-1
122080,oraec2088-1
51970,oraec2088-1
78870,oraec2088-1
10050,oraec2088-1
87620,oraec2088-1
854571,oraec2088-1
168970,oraec2088-1
64360,oraec2088-1
851711,oraec2088-1
101060,oraec2088-1
103300,oraec2088-1
90260,oraec2088-1
76030,oraec22-19
851711,oraec22-19
10110,oraec22-19
103,oraec22-19
115110,oraec22-19
64360,oraec22-19
25120,oraec22-19
10090,oraec22-19
95000,oraec22-19
64360,oraec22-19
51970,oraec22-19
10110,oraec22-19
115110,oraec22-87
10030,oraec22-87
25120,oraec22-87
10090,oraec22-87
64360,oraec22-87
10050,oraec35-4
134750,oraec35-4
70420,oraec35-4
850787,oraec35-4
32820,oraec35-4
10050,oraec35-4
25130,oraec35-4
500066,oraec35-4
128910,oraec35-4
94700,oraec35-4
10050,oraec35-4
74950,oraec35-4
145120,oraec35-4
10050,oraec35-4
851711,oraec35-4
854532,oraec35-4
69590,oraec35-4
78870,oraec35-4
162870,oraec35-4
10050,oraec35-4
851690,oraec35-4
60220,oraec35-4
10050,oraec35-4
150510,oraec35-4
113720,oraec35-4
10050,oraec35-4
156670,oraec35-4
50040,oraec35-4
64360,oraec35-4
99790,oraec35-4
72470,oraec35-4
10050,oraec35-4
115270,oraec35-4
22610,oraec35-4
64360,oraec35-4
92870,oraec35-4
10050,oraec35-4
84230,oraec35-4
27180,oraec35-4
10050,oraec35-4
851677,oraec35-4
131200,oraec35-4
10050,oraec35-4
129190,oraec35-4
43410,oraec35-4
64360,oraec35-4
854540,oraec35-4
172360,oraec35-4
850787,oraec35-4
32820,oraec35-4
10050,oraec35-4
64360,oraec35-4
854544,oraec35-4
49460,oraec35-4
93420,oraec35-4
851809,oraec35-4
600322,oraec35-4
64360,oraec35-4
851809,oraec35-4
81660,oraec35-4
34750,oraec35-4
87620,oraec35-4
88060,oraec35-4
600505,oraec35-4
126020,oraec35-4
400876,oraec35-4
851711,oraec35-4
38540,oraec35-4
850795,oraec35-4
32820,oraec35-4
10050,oraec35-4
49460,oraec35-4
88040,oraec35-4
500079,oraec35-4
66750,oraec35-4
851961,oraec35-116
125510,oraec35-116
107520,oraec35-116
70420,oraec35-116
78870,oraec35-116
32820,oraec35-116
10050,oraec35-116
500020,oraec35-135
23290,oraec35-135
850787,oraec35-135
600216,oraec35-135
94700,oraec35-135
10050,oraec35-135
858535,oraec35-135
64360,oraec35-135
38540,oraec35-135
10110,oraec35-142
70420,oraec35-142
64360,oraec35-142
169370,oraec35-142
90120,oraec35-152
10110,oraec35-152
70420,oraec35-152
107520,oraec35-152
70420,oraec35-152
78870,oraec35-152
90260,oraec35-152
850796,oraec35-152
51970,oraec35-152
32820,oraec35-152
10110,oraec35-152
400015,oraec35-152
10050,oraec35-168
851809,oraec35-168
78870,oraec35-168
162870,oraec35-168
10050,oraec35-168
64360,oraec35-168
43350,oraec35-168
22850,oraec35-168
100020,oraec35-168
21930,oraec35-180
64360,oraec35-180
38530,oraec35-180
10030,oraec35-252
78870,oraec35-252
49460,oraec35-252
41180,oraec35-252
10030,oraec35-252
64750,oraec35-252
10050,oraec35-252
10110,oraec35-270
70420,oraec35-270
107520,oraec35-270
70420,oraec35-270
78870,oraec35-270
49460,oraec35-270
124150,oraec35-270
10030,oraec35-270
64360,oraec35-270
94060,oraec35-270
65370,oraec35-270
550364,oraec35-270
851711,oraec143-108
10050,oraec143-108
44000,oraec143-108
107520,oraec143-108
87870,oraec143-108
10050,oraec143-108
119050,oraec143-108
171650,oraec143-108
851961,oraec143-108
10060,oraec143-108
181401,oraec143-108
10030,oraec147-25
91900,oraec147-25
113560,oraec147-25
10050,oraec147-25
91900,oraec147-25
854832,oraec147-25
851182,oraec147-25
855208,oraec147-25
91900,oraec147-25
48130,oraec147-25
64360,oraec147-25
91900,oraec147-25
851446,oraec147-25
854573,oraec147-25
850787,oraec147-25
119580,oraec147-25
64360,oraec147-25
153600,oraec147-25
107520,oraec147-25
36140,oraec147-25
91900,oraec147-25
851446,oraec147-25
854573,oraec147-25
850787,oraec147-25
163680,oraec147-25
64360,oraec147-25
54870,oraec147-25
91900,oraec147-25
851622,oraec147-25
159160,oraec147-25
64360,oraec147-25
122850,oraec147-25
91900,oraec147-25
851446,oraec147-25
87060,oraec147-25
64360,oraec147-25
127280,oraec147-25
650007,oraec296-12
10100,oraec296-12
107520,oraec296-12
10100,oraec296-12
78870,oraec296-12
104690,oraec296-12
10050,oraec296-12
400004,oraec296-12
650007,oraec296-23
851446,oraec296-23
150590,oraec296-23
107520,oraec296-23
154340,oraec296-23
107520,oraec296-23
10100,oraec296-23
78870,oraec296-23
104690,oraec296-23
10050,oraec296-23
400004,oraec296-23
10030,oraec4399-5
78870,oraec4399-5
10110,oraec4399-5
70420,oraec4399-5
64360,oraec4399-5
169370,oraec4399-5
21930,oraec12788-5
64360,oraec12788-5
38540,oraec12788-5
851427,oraec6-759
10050,oraec6-759
91900,oraec6-759
186300,oraec6-759
65300,oraec6-759
51950,oraec6-759
10050,oraec6-759
851711,oraec6-759
10110,oraec6-759
97350,oraec6-759
72840,oraec6-759
10050,oraec6-759
91900,oraec6-759
62180,oraec6-759
10050,oraec6-759
107520,oraec6-759
10050,oraec6-759
851427,oraec6-767
851455,oraec6-767
51950,oraec6-767
10050,oraec6-767
64360,oraec6-767
851711,oraec6-767
10110,oraec6-767
97350,oraec6-767
400138,oraec6-767
850787,oraec6-767
182260,oraec6-767
851427,oraec6-768
851455,oraec6-768
51950,oraec6-768
10050,oraec6-768
64360,oraec6-768
851711,oraec6-768
10110,oraec6-768
97350,oraec6-768
72840,oraec6-768
10050,oraec6-768
91900,oraec6-768
62180,oraec6-768
10050,oraec6-768
91900,oraec6-768
62180,oraec6-768
10050,oraec6-768
55130,oraec113-71
10100,oraec113-71
64360,oraec113-71
88060,oraec113-71
600505,oraec113-71
126020,oraec113-71
400876,oraec113-71
851711,oraec113-71
38540,oraec113-71
10050,oraec131-14
140780,oraec131-14
10100,oraec131-14
91900,oraec131-14
852416,oraec131-14
185810,oraec1083-18
850787,oraec1083-18
25550,oraec1083-18
10030,oraec1083-18
79190,oraec1083-18
10030,oraec1083-18
177740,oraec1083-18
854534,oraec1083-18
851427,oraec1830-4
851623,oraec1830-4
154340,oraec1830-4
850803,oraec1830-4
96390,oraec1830-4
90260,oraec1830-4
850806,oraec1830-4
10100,oraec1830-4
21930,oraec1830-4
30730,oraec1004-5
851711,oraec1004-5
10110,oraec1004-5
107510,oraec1004-5
10110,oraec1004-5
91900,oraec1004-5
851711,oraec1004-5
851809,oraec1004-5
170100,oraec1004-5
851623,oraec1004-5
45750,oraec1004-5
850787,oraec1004-5
851446,oraec1004-5
103500,oraec1004-5
600392,oraec1004-5
400077,oraec1004-5
70011,oraec1004-5
184860,oraec1004-5
850796,oraec1004-5
450114,oraec1004-5
91900,oraec1004-5
851711,oraec1004-5
851809,oraec1004-5
170100,oraec1004-5
851623,oraec1004-5
73010,oraec1004-5
850787,oraec1004-5
851446,oraec1004-5
48440,oraec1004-5
103500,oraec1004-5
30730,oraec1004-5
851711,oraec1004-5
10110,oraec1004-5
107510,oraec1004-5
10110,oraec1004-5
91900,oraec1004-5
851711,oraec1004-5
851809,oraec1004-5
170100,oraec1004-5
851623,oraec1004-5
45750,oraec1004-5
850787,oraec1004-5
851446,oraec1004-5
48440,oraec1004-5
103500,oraec1004-5
600392,oraec1004-5
400077,oraec1004-5
70011,oraec1004-5
184860,oraec1004-5
850796,oraec1004-5
450114,oraec1004-5
91900,oraec1004-5
851711,oraec1004-5
851809,oraec1004-5
170100,oraec1004-5
851623,oraec1004-5
73010,oraec1004-5
850787,oraec1004-5
851446,oraec1004-5
103500,oraec1004-5
859423,oraec2272-1
550118,oraec2272-1
103500,oraec2272-1
851622,oraec2272-1
176160,oraec2272-1
169360,oraec2272-1
30730,oraec3086-6
851711,oraec3086-6
10110,oraec3086-6
854561,oraec3086-6
851446,oraec3086-6
600036,oraec3086-6
78870,oraec3086-6
851446,oraec3086-6
103500,oraec3086-6
600392,oraec3086-6
400077,oraec3086-6
70011,oraec3086-6
184860,oraec3086-6
850796,oraec3086-6
450114,oraec3086-6
21881,oraec9-135
10030,oraec9-135
91900,oraec9-135
851711,oraec9-135
78870,oraec9-135
10110,oraec9-135
101060,oraec9-135
64360,oraec9-135
850814,oraec9-135
850787,oraec9-135
854543,oraec9-135
10030,oraec9-135
78870,oraec9-135
10110,oraec9-135
185810,oraec9-135
10110,oraec9-135
854543,oraec9-135
81660,oraec9-135
91900,oraec9-135
854540,oraec9-135
10050,oraec9-135
850814,oraec9-135
850787,oraec9-135
149570,oraec9-135
107520,oraec9-135
550046,oraec9-135
10110,oraec9-135
152350,oraec9-135
10110,oraec9-153
859134,oraec9-153
126470,oraec9-153
22030,oraec9-153
61400,oraec9-153
10110,oraec9-226
185810,oraec9-226
91900,oraec9-226
10030,oraec9-226
78870,oraec9-226
10030,oraec9-226
98920,oraec9-226
158990,oraec9-226
500053,oraec9-226
10110,oraec9-226
600050,oraec9-279
851711,oraec9-279
170100,oraec9-279
97580,oraec9-279
21881,oraec9-279
851446,oraec9-279
64360,oraec9-279
851622,oraec9-279
122280,oraec9-279
21881,oraec354-38
10050,oraec354-38
107520,oraec354-38
78870,oraec354-38
10100,oraec354-38
134830,oraec354-38
81660,oraec354-38
78030,oraec354-38
97580,oraec354-38
78870,oraec354-38
10050,oraec354-38
88040,oraec354-38
400949,oraec354-38
400004,oraec354-38
107520,oraec354-38
10100,oraec354-38
10130,oraec258-17
851427,oraec258-33
170100,oraec258-33
91900,oraec258-33
851809,oraec258-33
10050,oraec258-33
38050,oraec258-33
55500,oraec258-33
21881,oraec258-33
10030,oraec258-33
91900,oraec258-33
167750,oraec258-33
78870,oraec258-33
10100,oraec258-33
10030,oraec400-16
185810,oraec400-16
78870,oraec400-16
10110,oraec400-16
38050,oraec400-16
185810,oraec524-24
850787,oraec524-24
25550,oraec524-24
10030,oraec524-24
79190,oraec524-24
177740,oraec524-24
10050,oraec524-24
854534,oraec524-24
41180,oraec708-9
170100,oraec708-9
91900,oraec708-9
10110,oraec708-9
91900,oraec708-9
854537,oraec708-9
91900,oraec708-9
854509,oraec708-9
10110,oraec708-9
600488,oraec708-9
650007,oraec40-246
10090,oraec40-246
107520,oraec40-246
91900,oraec40-246
854530,oraec40-246
10050,oraec40-246
38050,oraec40-246
91900,oraec40-246
851446,oraec40-246
69000,oraec40-246
851446,oraec281-13
70310,oraec281-13
850787,oraec281-13
169110,oraec281-13
859586,oraec281-13
851446,oraec281-13
133600,oraec281-13
125510,oraec281-13
43760,oraec281-13
90390,oraec281-13
550223,oraec281-13
81650,oraec281-13
63640,oraec281-13
450158,oraec281-13
61400,oraec281-13
91900,oraec281-13
114300,oraec281-13
81660,oraec281-13
91900,oraec281-13
134370,oraec281-13
119580,oraec281-13
91900,oraec281-13
62890,oraec281-13
163680,oraec281-13
851809,oraec281-13
10050,oraec281-13
147010,oraec281-13
85740,oraec281-13
47271,oraec281-13
138740,oraec281-13
41011,oraec281-13
98470,oraec281-13
108390,oraec281-13
10050,oraec281-13
64360,oraec281-13
23290,oraec281-13
850787,oraec281-13
853581,oraec281-13
854573,oraec281-13
42750,oraec281-13
179420,oraec281-13
64360,oraec281-13
116640,oraec281-13
10050,oraec281-13
600571,oraec281-13
400004,oraec281-13
859329,oraec281-13
850796,oraec281-13
32820,oraec281-13
10050,oraec281-13
400015,oraec281-13
90390,oraec281-13
400159,oraec281-13
64360,oraec281-13
88040,oraec281-13
858898,oraec281-13
64360,oraec281-13
112440,oraec281-13
850796,oraec281-13
33040,oraec281-13
400159,oraec281-13
64360,oraec281-13
550034,oraec281-13
84,oraec281-13
850796,oraec281-13
26060,oraec281-13
850882,oraec281-13
180130,oraec281-13
96330,oraec281-13
10050,oraec281-13
850796,oraec281-13
853115,oraec281-13
61400,oraec281-13
10050,oraec281-13
850796,oraec281-13
71660,oraec281-13
142140,oraec281-13
41050,oraec281-13
174260,oraec281-13
10050,oraec281-13
112440,oraec281-13
10050,oraec281-13
326,oraec281-13
851446,oraec281-13
854573,oraec281-13
850787,oraec281-13
164430,oraec281-13
107520,oraec281-13
96210,oraec281-13
64360,oraec281-13
854526,oraec281-13
10110,oraec281-13
855159,oraec281-13
105780,oraec281-13
10110,oraec281-13
107520,oraec281-13
31390,oraec281-13
852474,oraec1185-2
850953,oraec1185-2
51970,oraec1185-2
10030,oraec1185-2
851208,oraec1185-2
91900,oraec1185-2
39360,oraec1185-2
851661,oraec1185-2
76190,oraec1185-2
83800,oraec1185-2
64360,oraec1185-2
86750,oraec1185-2
23830,oraec1185-2
185810,oraec1185-2
60430,oraec1185-2
400004,oraec1185-2
550021,oraec1185-2
10030,oraec1185-2
81650,oraec1185-2
851706,oraec1185-2
10050,oraec1185-2
91900,oraec1185-2
851711,oraec1185-2
26870,oraec1185-2
10050,oraec1185-2
40111,oraec43-22
10050,oraec43-22
855729,oraec43-22
701973,oraec43-22
66730,oraec43-22
550005,oraec43-22
550021,oraec43-23
10030,oraec43-23
81650,oraec43-23
854519,oraec43-23
46050,oraec43-23
78150,oraec43-23
21881,oraec43-23
21881,oraec43-23
170100,oraec43-23
10090,oraec43-23
64750,oraec43-23
40111,oraec43-25
10050,oraec43-25
132830,oraec43-25
91900,oraec43-25
851446,oraec43-25
90260,oraec43-25
450158,oraec43-25
550005,oraec43-25
851438,oraec43-28
400043,oraec43-28
59920,oraec43-28
34360,oraec43-28
10050,oraec43-28
64360,oraec43-28
20360,oraec43-28
107520,oraec43-28
854584,oraec43-28
81650,oraec43-28
10050,oraec43-28
850796,oraec43-28
185290,oraec43-28
107520,oraec43-28
78870,oraec43-28
400015,oraec43-28
854591,oraec43-28
10050,oraec43-28
40111,oraec43-35
10050,oraec43-35
550005,oraec43-35
40111,oraec43-38
10050,oraec43-38
132830,oraec43-38
91900,oraec43-38
851446,oraec43-38
90260,oraec43-38
450158,oraec43-38
550005,oraec43-38
40111,oraec43-41
10050,oraec43-41
550005,oraec43-41
40111,oraec43-44
10050,oraec43-44
855729,oraec43-44
701973,oraec43-44
66730,oraec43-44
550005,oraec43-44
851427,oraec43-57
94530,oraec43-57
81660,oraec43-57
89850,oraec43-57
21881,oraec43-57
42370,oraec43-57
64750,oraec43-57
10110,oraec43-57
859134,oraec43-57
134370,oraec43-57
94530,oraec43-57
38530,oraec43-57
21881,oraec43-57
10110,oraec43-57
116630,oraec43-57
10050,oraec43-57
21881,oraec43-57
10110,oraec43-57
124950,oraec43-57
10050,oraec43-57
10110,oraec56-52
129490,oraec56-52
91900,oraec56-52
172700,oraec56-52
10050,oraec56-52
10110,oraec56-180
10050,oraec56-180
129490,oraec56-180
851809,oraec56-180
10110,oraec56-180
96330,oraec56-180
10110,oraec56-237
129490,oraec56-237
64850,oraec56-237
78870,oraec56-237
851446,oraec56-237
90260,oraec56-237
21881,oraec56-237
178120,oraec56-237
850796,oraec56-237
58940,oraec56-237
851427,oraec667-5
126390,oraec667-5
131530,oraec667-5
141190,oraec667-5
134600,oraec667-5
148520,oraec667-5
851517,oraec667-5
64360,oraec667-5
10050,oraec667-5
64360,oraec667-5
160970,oraec667-5
21881,oraec766-10
167010,oraec766-10
80940,oraec766-10
23290,oraec766-10
10100,oraec766-10
64360,oraec766-10
500020,oraec766-10
94700,oraec766-10
66150,oraec766-10
95000,oraec766-10
850787,oraec766-10
850648,oraec766-10
10030,oraec2213-9
78150,oraec2213-9
10050,oraec2213-9
78870,oraec2213-9
166210,oraec2213-9
10030,oraec2213-14
38530,oraec2213-14
65300,oraec2213-14
69300,oraec2213-14
850796,oraec2213-14
400015,oraec2213-14
93320,oraec2213-14
21881,oraec3663-6
10030,oraec3663-6
854509,oraec3663-6
107520,oraec3663-6
851173,oraec3663-6
26660,oraec3663-6
134020,oraec3663-6
851961,oraec3663-6
185810,oraec3663-6
78870,oraec3663-6
94530,oraec3663-6
851961,oraec3663-6
78870,oraec3663-6
90260,oraec3663-6
177140,oraec3663-6
600050,oraec970-1
150560,oraec970-1
50460,oraec970-1
850787,oraec970-1
138920,oraec970-1
64360,oraec970-1
60220,oraec970-1
10050,oraec970-1
600030,oraec970-1
10110,oraec970-1
127770,oraec970-1
78870,oraec970-1
400645,oraec970-1
64770,oraec970-1
851426,oraec83-109
38560,oraec83-109
851446,oraec83-109
89850,oraec83-109
107520,oraec83-109
111230,oraec83-109
21881,oraec83-109
55130,oraec83-109
851809,oraec83-109
170100,oraec83-109
851622,oraec83-109
78030,oraec83-109
101300,oraec83-109
21881,oraec83-109
44030,oraec83-109
851622,oraec83-109
58710,oraec83-109
44030,oraec83-109
851446,oraec83-109
854573,oraec83-109
21881,oraec83-109
55500,oraec83-109
21881,oraec83-109
10030,oraec83-109
91900,oraec83-109
851711,oraec83-109
290,oraec83-109
94700,oraec83-109
10110,oraec83-109
38050,oraec83-109
10100,oraec2-141
31130,oraec2-141
107520,oraec2-141
163010,oraec2-141
65480,oraec2-141
107520,oraec2-141
851571,oraec2-141
64360,oraec2-141
21770,oraec2-141
52840,oraec2-141
131530,oraec2-141
10050,oraec2-141
851427,oraec15-185
175750,oraec15-185
125010,oraec15-185
64360,oraec15-185
45750,oraec15-185
400950,oraec15-185
854578,oraec15-185
170100,oraec15-185
97580,oraec15-185
10050,oraec15-185
91900,oraec15-185
163760,oraec15-185
854543,oraec15-185
38050,oraec15-185
600050,oraec15-313
150560,oraec15-313
50460,oraec15-313
850787,oraec15-313
138920,oraec15-313
64360,oraec15-313
60220,oraec15-313
10050,oraec15-313
600030,oraec15-313
10110,oraec15-313
127770,oraec15-313
10110,oraec15-313
78870,oraec15-313
400645,oraec15-313
64770,oraec15-313
41820,oraec12-76
38050,oraec12-76
62180,oraec12-76
650007,oraec12-98
400015,oraec12-98
57600,oraec12-98
95000,oraec38-109
10110,oraec38-109
95000,oraec38-109
10110,oraec38-109
95000,oraec38-109
85100,oraec38-109
40111,oraec86-24
185810,oraec86-24
10050,oraec86-24
853878,oraec86-24
64750,oraec86-24
104690,oraec86-24
10050,oraec86-24
10050,oraec86-24
185810,oraec86-24
850795,oraec86-24
104690,oraec86-24
10050,oraec86-24
550129,oraec86-38
47280,oraec86-38
850787,oraec86-38
860019,oraec86-38
10050,oraec86-38
97580,oraec86-38
64750,oraec86-38
104690,oraec86-38
10050,oraec86-38
550005,oraec86-38
40111,oraec86-41
104690,oraec86-41
10050,oraec86-41
64750,oraec86-41
860011,oraec86-41
550005,oraec86-41
851446,oraec86-42
81650,oraec86-42
550034,oraec86-42
851809,oraec86-42
10030,oraec86-42
64750,oraec86-42
10110,oraec86-42
107520,oraec86-42
125630,oraec86-42
850787,oraec86-42
851446,oraec86-42
47280,oraec86-42
850787,oraec86-42
860019,oraec86-42
600375,oraec265-31
64360,oraec265-31
39010,oraec265-31
152730,oraec265-31
107520,oraec265-31
73530,oraec265-31
64360,oraec265-31
43620,oraec265-31
154790,oraec265-31
850800,oraec265-31
69000,oraec265-31
850787,oraec265-31
851622,oraec265-31
123560,oraec265-31
26150,oraec265-31
850787,oraec265-31
164430,oraec265-31
107520,oraec265-31
60980,oraec265-31
850787,oraec265-31
43720,oraec265-31
56220,oraec265-31
125010,oraec265-31
107520,oraec265-31
854495,oraec265-31
81660,oraec265-31
64360,oraec265-31
10050,oraec265-31
600375,oraec273-29
64360,oraec273-29
39010,oraec273-29
152730,oraec273-29
107520,oraec273-29
138670,oraec273-29
600304,oraec273-29
64360,oraec273-29
93190,oraec273-29
107520,oraec273-29
60980,oraec273-29
850787,oraec273-29
27840,oraec273-29
21881,oraec409-57
78870,oraec409-57
10050,oraec409-57
107500,oraec409-57
185810,oraec409-57
78870,oraec409-57
10050,oraec409-57
32820,oraec409-57
10050,oraec409-57
49460,oraec409-57
64360,oraec409-57
94920,oraec409-57
500002,oraec409-57
99060,oraec409-57
180630,oraec435-39
45410,oraec435-39
131530,oraec435-39
108380,oraec435-39
850787,oraec435-39
131970,oraec435-39
81660,oraec435-39
851809,oraec435-39
78870,oraec435-39
10090,oraec435-39
98730,oraec435-39
99060,oraec435-39
850787,oraec435-39
150560,oraec435-39
21990,oraec435-39
94700,oraec435-39
10120,oraec435-39
21881,oraec458-10
51970,oraec458-10
33040,oraec458-10
21881,oraec458-10
62500,oraec458-10
22470,oraec458-10
550034,oraec458-10
78870,oraec458-10
66730,oraec458-10
107500,oraec458-10
125510,oraec458-10
271,oraec458-10
125510,oraec458-10
49460,oraec458-10
181401,oraec458-10
86580,oraec458-10
49461,oraec458-10
66750,oraec458-10
181401,oraec458-10
86580,oraec458-10
21881,oraec458-12
107500,oraec458-12
110860,oraec458-12
854543,oraec458-12
21881,oraec458-14
49461,oraec458-14
66750,oraec458-14
110860,oraec458-14
854543,oraec458-14
21881,oraec458-16
107500,oraec458-16
125510,oraec458-16
271,oraec458-16
125510,oraec458-16
49460,oraec458-16
109250,oraec458-16
850787,oraec458-16
103500,oraec458-16
851961,oraec474-15
78870,oraec474-15
28250,oraec474-15
851961,oraec610-20
27940,oraec610-20
31130,oraec610-20
127770,oraec610-20
94700,oraec707-8
66960,oraec707-8
95000,oraec707-8
10030,oraec1019-35
78870,oraec1019-35
10050,oraec1019-35
78030,oraec1019-35
90260,oraec1019-35
854518,oraec1078-11
44020,oraec1078-11
84660,oraec1078-11
64360,oraec1078-11
48440,oraec1078-11
854518,oraec1078-11
44020,oraec1078-11
84660,oraec1078-11
48440,oraec1078-11
64360,oraec1078-11
851961,oraec1078-30
10050,oraec1078-30
150560,oraec1078-30
10050,oraec1078-30
64360,oraec1078-30
60220,oraec1078-30
852223,oraec1078-30
150560,oraec1671-23
90260,oraec1671-23
120010,oraec1671-23
10030,oraec1671-23
133310,oraec1671-23
21881,oraec1959-23
129490,oraec1959-23
21750,oraec1959-23
65310,oraec1959-23
851961,oraec1989-9
78870,oraec1989-9
90260,oraec1989-9
10030,oraec2471-9
78030,oraec2471-9
10050,oraec2471-9
78870,oraec2471-9
166210,oraec2471-9
10030,oraec2471-14
38540,oraec2471-14
10030,oraec2471-14
65300,oraec2471-14
69300,oraec2471-14
850796,oraec2471-14
400015,oraec2471-14
93320,oraec2471-14
185830,oraec4406-1
64360,oraec4406-1
92560,oraec4406-1
600375,oraec4406-1
64360,oraec4406-1
39010,oraec4406-1
64360,oraec4406-1
93190,oraec4406-1
107520,oraec4406-1
145860,oraec4406-1
850787,oraec4406-1
850993,oraec4406-1
851711,oraec4406-1
91900,oraec4406-1
120510,oraec4406-1
850787,oraec4406-1
203,oraec4406-1
59920,oraec4406-1
64360,oraec4406-1
99060,oraec4406-1
401127,oraec4406-1
10030,oraec5603-24
78030,oraec5603-24
10030,oraec5603-24
78870,oraec5603-24
49460,oraec5603-24
400452,oraec5603-24
854540,oraec5603-24
21881,oraec12963-5
10030,oraec12963-5
854509,oraec12963-5
107520,oraec12963-5
10090,oraec12963-5
26660,oraec12963-5
134020,oraec12963-5
851961,oraec12963-5
185810,oraec12963-5
78870,oraec12963-5
94530,oraec12963-5
851961,oraec12963-5
78870,oraec12963-5
90260,oraec12963-5
177140,oraec12963-5
851427,oraec10-61
600325,oraec10-61
851523,oraec10-61
64360,oraec10-61
851711,oraec10-61
65370,oraec10-61
53600,oraec10-61
850787,oraec10-61
176620,oraec10-61
168280,oraec10-61
74750,oraec10-61
107500,oraec10-61
24640,oraec10-61
107520,oraec10-61
41180,oraec10-61
168340,oraec10-61
850787,oraec10-61
90260,oraec10-61
59920,oraec10-61
107520,oraec10-61
102030,oraec10-61
184810,oraec10-61
550034,oraec10-61
74690,oraec10-61
64360,oraec10-61
64260,oraec10-61
60920,oraec10-61
64360,oraec10-61
102030,oraec10-61
168280,oraec10-62
10110,oraec10-62
74750,oraec10-62
107500,oraec10-62
24640,oraec10-62
10100,oraec10-62
107510,oraec10-62
850787,oraec10-62
90260,oraec10-62
59920,oraec10-62
21881,oraec10-62
10050,oraec10-62
107520,oraec10-62
66270,oraec10-62
91900,oraec10-62
10100,oraec10-62
21881,oraec10-62
10110,oraec10-62
107520,oraec10-62
854561,oraec10-62
92560,oraec10-62
59920,oraec10-62
107520,oraec10-62
10100,oraec10-62
64360,oraec10-62
851711,oraec10-63
111230,oraec10-63
10100,oraec10-63
65370,oraec10-63
98560,oraec10-63
91900,oraec10-63
101930,oraec10-63
10100,oraec10-63
64360,oraec10-63
66270,oraec10-149
52840,oraec10-149
10110,oraec10-149
107520,oraec10-149
122220,oraec10-149
10110,oraec10-149
181401,oraec10-149
21881,oraec10-149
10110,oraec10-149
94860,oraec10-149
850796,oraec10-149
21810,oraec10-149
48030,oraec10-180
64360,oraec10-180
600325,oraec10-180
850836,oraec10-180
851623,oraec10-180
600289,oraec10-180
64360,oraec10-180
854577,oraec10-180
10050,oraec10-180
64360,oraec10-180
72840,oraec10-180
500034,oraec10-180
21881,oraec10-342
2,oraec10-342
851809,oraec10-342
170100,oraec10-342
851523,oraec10-342
21881,oraec10-342
48030,oraec10-342
854577,oraec10-342
850787,oraec10-342
203,oraec10-342
64360,oraec10-342
39010,oraec10-342
64360,oraec10-342
72840,oraec10-342
850787,oraec10-342
176800,oraec10-342
854577,oraec10-342
176800,oraec10-342
107510,oraec10-342
157160,oraec10-369
81680,oraec10-369
116640,oraec10-369
600325,oraec10-369
854514,oraec10-369
184630,oraec10-369
10050,oraec10-369
64360,oraec10-369
127890,oraec10-369
48030,oraec10-525
64360,oraec10-525
64360,oraec10-525
72840,oraec10-525
550395,oraec10-525
97760,oraec127-2
70011,oraec127-2
850806,oraec127-2
27940,oraec127-2
31130,oraec127-2
185810,oraec127-2
129490,oraec127-2
850806,oraec127-2
27940,oraec127-2
31130,oraec127-2
851809,oraec127-2
129490,oraec127-2
90120,oraec127-2
185810,oraec127-2
129490,oraec127-2
90120,oraec127-2
851809,oraec127-2
48440,oraec127-2
129490,oraec127-2
97760,oraec127-2
70011,oraec127-2
850806,oraec127-2
27940,oraec127-2
31130,oraec127-2
185810,oraec127-2
129490,oraec127-2
850806,oraec127-2
27940,oraec127-2
31130,oraec127-2
851809,oraec127-2
48440,oraec127-2
129490,oraec127-2
90120,oraec127-2
185810,oraec127-2
129490,oraec127-2
90120,oraec127-2
851809,oraec127-2
129490,oraec127-2
10110,oraec3-34
114740,oraec3-34
64360,oraec3-34
42,oraec3-34
65370,oraec3-34
68850,oraec3-34
159470,oraec3-186
10110,oraec3-186
185810,oraec4-277
170100,oraec4-277
62880,oraec4-277
855347,oraec4-277
109680,oraec4-277
91900,oraec4-277
69000,oraec4-277
21881,oraec4-277
130960,oraec4-277
10090,oraec4-277
102030,oraec4-277
64360,oraec4-277
21930,oraec4-277
148520,oraec4-277
91900,oraec4-277
160970,oraec4-277
91900,oraec4-277
102030,oraec4-277
64360,oraec4-277
855174,oraec4-277
185810,oraec4-290
170100,oraec4-290
855495,oraec4-290
160970,oraec4-290
91900,oraec4-290
854540,oraec4-290
858535,oraec4-290
10050,oraec4-290
10050,oraec4-290
24640,oraec4-290
64360,oraec4-290
52140,oraec4-290
90260,oraec80-20
25760,oraec80-20
81,oraec80-20
129860,oraec80-20
10100,oraec80-20
78870,oraec80-20
10030,oraec80-20
104690,oraec80-20
10050,oraec80-20
64360,oraec80-20
88040,oraec80-20
74950,oraec80-20
10100,oraec80-20
78870,oraec80-20
10030,oraec80-20
104690,oraec80-20
10050,oraec80-20
859725,oraec80-20
70011,oraec80-20
10050,oraec80-20
78870,oraec80-20
10030,oraec80-20
109250,oraec80-20
850787,oraec80-20
103500,oraec80-20
851711,oraec80-20
10100,oraec80-20
78870,oraec80-20
10050,oraec80-20
86570,oraec80-20
64360,oraec80-20
88040,oraec80-20
112200,oraec80-20
10050,oraec80-20
107520,oraec80-20
125390,oraec80-20
500218,oraec80-20
70011,oraec80-20
850796,oraec80-20
72470,oraec80-20
10030,oraec80-20
10110,oraec96-136
116300,oraec96-136
10110,oraec96-136
45820,oraec96-136
10110,oraec96-136
168970,oraec96-136
98720,oraec96-136
78870,oraec96-136
10110,oraec96-136
27940,oraec202-4
129120,oraec202-4
400076,oraec202-4
119050,oraec202-4
854544,oraec202-4
859867,oraec202-4
95620,oraec202-4
55220,oraec202-4
859906,oraec202-4
400076,oraec202-4
142800,oraec202-4
179910,oraec202-4
37090,oraec202-4
64360,oraec202-4
95640,oraec202-4
167210,oraec202-4
176860,oraec202-4
64360,oraec202-4
166210,oraec202-4
10050,oraec202-4
151560,oraec202-4
161950,oraec202-4
167210,oraec202-4
167760,oraec202-4
109620,oraec202-4
64360,oraec202-4
159670,oraec202-4
10050,oraec202-4
185810,oraec202-4
550034,oraec202-4
550034,oraec202-4
851809,oraec202-4
109620,oraec202-4
90260,oraec202-4
10050,oraec202-4
851809,oraec202-4
109620,oraec202-4
81650,oraec202-4
10050,oraec202-4
851809,oraec202-4
72470,oraec202-4
94530,oraec202-4
851446,oraec436-13
38560,oraec436-13
64360,oraec436-13
850581,oraec436-13
850814,oraec436-13
550180,oraec436-13
216,oraec436-13
850814,oraec436-13
21881,oraec436-13
170100,oraec436-13
64360,oraec436-13
233,oraec436-13
21881,oraec436-13
60430,oraec436-13
550118,oraec436-13
851887,oraec436-13
114740,oraec436-13
107520,oraec436-13
47970,oraec436-13
850787,oraec436-13
182710,oraec436-13
107520,oraec436-13
62900,oraec436-13
852471,oraec436-13
51990,oraec436-13
850787,oraec436-13
851446,oraec436-13
850317,oraec436-13
89850,oraec436-13
64360,oraec436-13
851446,oraec436-13
182830,oraec436-13
20570,oraec436-13
64360,oraec436-13
851446,oraec436-13
169650,oraec436-13
96010,oraec436-13
850787,oraec436-13
233,oraec436-13
851677,oraec436-13
91900,oraec436-13
86570,oraec436-13
181400,oraec436-13
78870,oraec436-13
851446,oraec436-13
850317,oraec436-13
38530,oraec436-13
55130,oraec530-16
23290,oraec530-16
850787,oraec530-16
854579,oraec530-16
10100,oraec530-16
88060,oraec530-16
600505,oraec530-16
126020,oraec530-16
400876,oraec530-16
851711,oraec530-16
38540,oraec530-16
90260,oraec538-18
25760,oraec538-18
81,oraec538-18
129860,oraec538-18
10100,oraec538-18
78870,oraec538-18
10030,oraec538-18
104690,oraec538-18
10050,oraec538-18
64360,oraec538-18
88040,oraec538-18
74950,oraec538-18
10100,oraec538-18
78870,oraec538-18
10030,oraec538-18
104690,oraec538-18
10050,oraec538-18
859725,oraec538-18
70011,oraec538-18
10050,oraec538-18
78870,oraec538-18
10030,oraec538-18
109250,oraec538-18
64360,oraec538-18
103500,oraec538-18
