id,sentence
711910,oraec3453-1
710771,oraec3453-1
200004,oraec3453-1
